31201020876
31201023952
31201020831
31201023773
31201025534
31201021283
31201020567
31201020153
31201020821
31201020780
31201020851
31201020870
31201020783
31201020730
31201020044
31201020881
31201020805
31201020777
31201020495
31201020734
31201021182
31201020822
31201020869
31201020785
31201020834
31201020740
31201020891
31201022113
31201022587
31201022804
31201020790
31201020866
31201020737
31201020828
31201020752
31201020439
31201020864
31201020884
31201025258
31201020192
31201020842
31201020732
31201020775
31201020749
31201020170
31201020819
31201020760
31201020813
31201020906
31201020857
31201020880
31201022915
31201022611
31201024054
31201022551
31201022504
31201022485
31201022062
31201026213
31201020573
31201022453
31201026766
31201022252
31201022233
31201023380
31201022204
31201024736
31201022193
31201022479
31201020195
31201023352
31201020016
31201021941
31201022004
31201021325
31201024390
31201022910
31201022839
31201022816
31201022815
31201022826
31201024084
31201022735
31201022708
31201021109
31201024066
31201026165
31201021806
31201022570
31201022077
31201021764
31201022468
31201023746
31201021406
31201025890
31201022363
31201022361
31201024769
31201022217
31201022777
31201023950
31201022136
31201022124
31201022110
31201025014
31201022094
31201022190
31201022012
31201022057
31201024579
31201021998
31201021907
31201022851
31201022784
31201022774
31201022768
31201022744
31201026134
31201025393
31201020915
31201020914
31201022601
31201024208
31201021289
31201021782
31201022511
31201020619
31201022532
31201022461
31201022829
31201022041
31201022378
31201022326
31201024606
31201023017
31201023986
31201022196
31201023967
31201024488
31201022475
31201022065
31201022064
31201022457
31201025105
31201022716
31201022759
31201024349
31201022609
31201022449
31201022376
31201022644
31201023851
31201022497
31201023229
31201022268
31201022181
31201022202
31201022344
31201022693
31201020764
31201021205
31201024744
31201025545
31201022566
31201022776
31201022367
31201022341
31201022120
31201022248
31201022198
31201020774
31201022415
31201020099
31201022179
31201022602
31201022314
31201023176
31201022203
31201022365
31201024694
31201022369
31201022458
31201022666
31201022122
31201022595
31201022629
312010122491
31201022143
31201022762
31201022891
31201022127
31201022210
31201025403
31201022847
31201024340
31201022109
31201021882
31201021877
31201022856
31201022617
31201022893
31201022412
31201024692
31201020666
31201024543
31201022140
31201025540
31201022749
31201022173
31201023193
31201020924
31201020767
31201022470
31201026159
31201021150
31201022743
31201022167
31201022845
31201025593
31201022579
31201022894
31201022766
31201023178
31201020735
31201022495
31201024138
31201022964
31201022346
31201020712
31201022423
31201022310
31201021864
31201022285
31201020230
31201021863
31201024798
31201022733
31201022535
31201022552
31201020883
31201022699
31201022882
31201023920
31201025564
31201022821
31201022919
31201022374
31201026712
31201022147
31201022896
31201022540
31201022624
31201022527
31201022878
31201022980
31201022711
31201024074
31201026237
31201022335
31201022712
31201021769
31201022377
31201024989
31201022175
31201021154
31201022082
31201022418
31201022263
31201022071
31201022280
31201022405
31201021657
31201022900
31201024536
31201022499
31201021673
31201021626
31201022407
31201022359
31201020287
31201024733
31201021836
31201023681
21301022277
31201022229
31201022850
31201026371
31201023266
31201022343
31201021808
31201022032
31201024575
31201025336
31201021641
31201022451
31201025579
31201022545
31201023089
31201022164
31201024684
31201023469
31201024657
31201022126
31201022927
31201022933
31201022888
31201025429
31201021084
31201024172
31201022902
31201026829
31201021303
31201022696
31201023508
31201022761
31201022814
31201021007
31201026412
31201027018
31201022073
31201022016
31201020006
31201023750
31201021715
31201022576
31201020151
31201022822
31201024188
31201022099
31201022278
31201022155
31201022536
31201022391
31201020466
31201021296
31201022362
31201022180
31201020215
31201022598
31181020706
31201022455
31201020534
31201020809
31201022096
31201022618
31201022700
31201020867
31201022583
31201023118
31201022664
31201025219
31201022626
31201022677
31201020972
31201022421
31201026014
31201022118
31201023672
31201022156
31201022106
31201022348
31201022422
31201020613
31201022279
31201022336
31201022342
31201023184
31201022855
31201025915
31201022201
31201022703
31201023108
31201022384
31201021648
31201020324
31201022877
31201022790
31201020363
31201022852
31201023673
31201021166
31201023777
31201023776
31201024978
31201023772
31201023749
31201023770
31201023769
31191023950
31201023763
31201023760
31201021442
31201023744
31201023745
31201023743
31201023739
31201023736
31201023735
31201023733
31201023657
31201023729
31201023732
31201023726
31201023718
31201023892
31201023711
31201023708
31201023703
31201023700
31201023698
31201023695
31201021662
31201023685
31201023691
31201023692
31201023683
31201022745
31201023680
31201023678
31201023671
31201022999
31201022997
31201022993
31201022125
31201022988
31201022986
31201022984
31201022981
31201022978
31201022976
31201022973
31201022972
31201022971
31201022967
31201022960
311910229957
31201022962
31201022956
31201022953
31201022951
31201022945
31201022946
31201022943
31201022950
31201022947
31201022948
31201022936
31201023086
31201023085
31201023078
31201023077
31201025434
31201023074
31201023073
31201024562
31201027323
31201025799
31201023069
31201025744
31201023068
31201020938
31201023067
31201023066
31201023065
31201024829
31201026307
31201023063
31201023059
31201025506
31201025873
31201025500
31201023058
31201023051
31201023047
31201023044
31201023042
31201023041
31201023039
31201023038
31201023036
31201023034
31201023033
31201024776
31201023026
31201023030
31201023027
31201023028
31201023025
31201023024
31201023019
31201023021
31201025789
31201023020
31201023016
31201023015
31201023011
31201023009
31201023006
31201023007
31201023008
31201023070
31201022913
31201022918
31201023530
31201022637
31201020801
31201022430
31201022502
31201022199
31201024489
31201022935
31201022914
31201021923
31201024473
31201022795
31201022596
31201022683
31201022443
31201022764
31201022651
31201022883
31201021822
31201022640
21301022565
31201026368
31201022547
31201024023
31201022505
31201022481
31201021273
31201022434
31201022247
31201022387
31201022357
31201022288
31201022503
31201021510
31201026907
31201027221
31201022255
31201026415
31201022148
31201022152
31201024723
31201022040
31201021999
31201022925
31201023816
31201022917
31201022906
31201024893
31201024381
31201022715
31201022709
31201021096
31201021081
31201024107
31201022680
31201022789
31201022758
31201022722
31201022567
31201021785
31201023401
31201022281
31301022473
31201026947
31201022441
31201025045
31201023391
31201021511
31201022259
31201027185
31201022195
31201022773
31201022206
31201022108
31201022975
31201027108
31201022033
31201022013
31201023203
31201022014
31201021395
31201021931
31201022905
31201022710
31201022697
31201022811
31201022810
31201025298
31201022836
31201027329
31201021556
31201022669
31201022634
31201025715
31201022607
31201020757
31201026087
31201021535
31201023854
31201024521
31201022466
31201022437
31201021739
31201022419
31201025956
31201022337
31201025161
31201022240
31201022216
31201022215
31201025176
31201022767
31201022168
31201022145
31201020145
31201022974
31201022085
31201021599
31201022170
31201022873
31201021894
31201023689
31201022597
31201024228
31201022670
31201024446
31201022464
31201020746
31201027212
31201022486
31201024791
31201022446
31201022302
31201027317
31201021235
31201020650
31201022916
31201022912
31201024983
31201022854
31201021061
31201024678
31201022803
31201022802
31201022800
31201022908
31201022750
31201024071
31201022619
31201022564
31201022558
31201022555
31201022531
31201022515
31201022265
31201023415
31201024622
31201022338
31201022510
31201022017
31201022264
31201022778
31201022219
31201022115
31201022114
31201022101
31201021980
31201023343
31201022031
31201021226
31201024698
31201022146
31201021879
31201022831
31201022690
31201021787
31201020926
31201022720
31201023273
31201022672
31201022092
31201025059
31201022568
31201022522
31201022529
31201020618
31201022454
31201020412
31201022287
31201020351
31201022309
31201022234
31201022209
31201020242
31201022177
31201024731
31201025102
31201021633
31201022086
31201022080
31201022049
31201022051
31201021202
31201021217
31201021317
31201022714
31201021108
31201022809
31201022843
31201022689
31201022796
31201022738
31201025396
31201022881
31201024063
31201022614
31201022573
31201020738
31201020713
31201022517
31201022482
31201022436
31201023043
31201022311
31201020413
31201021255
31201022001
31201022207
31201023715
31201020166
31201023939
31201022039
31201022037
31201023199
31201025864
31201026756
31201022645
31201027298
31201022620
31201022610
31201020796
31201020772
31201022548
31201020646
31201022524
31201022526
31201022425
31201022417
31201020461
31201020408
31201025233
31201022232
31201020307
31201023308
31201020118
31201022007
31201020030
31201021615
31201022021
31201023881
31201024865
31201022824
31201022785
31201022740
31201022107
31201022649
31201020754
31201020689
31201022541
31201022533
31201026259
31201027105
31201022433
31201022044
31201020510
31201026295
31201024775
31201020417
31201020407
31201022316
31201022292
31201022300
31201022297
31201020331
31201021373
31201024183
31201022174
31201022163
31201022103
31201021976
31201021966
31201022043
31201022926
31201022949
31201021209
31201023616
31201022880
31201022848
31201021039
31201022721
31201021559
31201023473
31201020827
31201024050
31201022869
31201020747
31201022537
31201027292
31201022523
31201022509
31201022472
31201022656
31201020440
31201022020
31201020305
31201022131
31201020126
31201023943
31201022083
31201021333
31201022050
31201022005
31201026196
31201027059
31201022812
31201022684
31201022686
31201027177
31201022782
31201022765
31201024352
31201025899
31201022727
31201022642
31201022635
31201027143
31181021600
31201023907
31210022456
31201026779
31201022452
31201022447
31201022403
31201022401
31201022283
31201026175
31201022128
31201022074
31201022022
31201023551
31201023333
31201022701
31201022863
31201021460
31201022832
31201022807
31201027052
31201022797
31201022731
31201026428
31201024834
31201022660
31201022627
31201022606
31201022592
31201022604
31201022553
31201022550
31201024166
31201021533
31201022489
31201021405
31201022395
31201022392
31201022327
31201025790
31201022272
31201022308
31201023824
31201022104
31201025819
31201022028
31201027023
31201022029
31201022054
31201022886
31201023532
31201022861
31201024114
31201023510
31201021827
31201023474
31201026479
31201022577
31201025813
31201022440
31201022390
31201022296
31201022230
31201022212
31201022133
31201022111
31201023556
31201022070
31201022069
31201020075
31201026155
31201022010
31201022397
31201022373


























31201021580
31201021579
31191024206
31201021569
31201021576
31201021451
31201021573
31201024062
31201021558
31201021555
31201021554
31201021543
31201021540
31201021536
31201021531
31191022294
31201021523
31201021524
31201021521
31201025443
31201021474
31201021315
31201021064
31201023825
31201020944
31201020921
31201021143
31201021381
31201021417
31201021279
31201021227
31201021184
31201021067
31201021505
31201026729
31201023901
31201026110
31201021085
31201025766
31201021337
31191024526
31201024375
31201021352
31201024336
31201021251
31201021169
31201021018
31201025156
31201021456
31201021092
31201022992
31201025422
31201027333
31201021025
31201026619
31201023243
31201021513
31201023767
31201021232
31201021710
31201025741
31201021479
31201026705
31201021102
31201021453
31201023594
31201021216
31201021145
31201020238
31201021005
31201027327
31201021457
31201025760
31201021345
31201021787
31201020916
31201020909
31201025031
31201024398
31201020985
31201025595
31201021240
31201026801
31201021177
31201021159
31201021011
31201022214
31201021277
31201021082
31201021477
31201021190
31201022226
31201023637
31201021461
31201021415
31201026451
31201026788
31201025587
31201021004
31201025410
31201021447
31201026311
31201021409
31201024661
31201021324
31201021312
31201025386
31201021293
31201023468
31201027213
31201023667
31201024040
31201021248
31201021229
31201021203
31201021194
31201021175
31201025680
31201023731
31201021104
31201020352
31201021066
31201021060
31201025670
31201025780
31201027169
31201020991
31201020950
31201022737
31201021476
31201026336
31201021465
31201021365
31201025936
31201021350
31201021301
31181021174
31191025445
31201021263
31201025958
31201021191
31191026811
31201026832
31201021153
31201026406
31201021144
31201021125
31201026489
31201026067
31201021058
31201021055
31201021033
31201021034
31201026456
31191024669
31201025446
31201021507
31201021506
31201021488
31201021378
31201023915
31201021389
31201021332
31201021304
31201020823
31201021220
31201021218
31201026991
31201025796
31201021123
31201021091
31201021103
31201021098
31201021089
31201021053
31201021032
31201021014
31201025703
31201022760
31201020986
31201020961
31201020939
31201026286
31201021496
31201021485
31201021468
31201021384
31201021376
31201021484
31201023152
31201021438
31201021418
31201025071
31201021414
31201025920
31201021267
31201021245
31201025786
31201022546
31201021179
31201021165
31201021148
31201021121
31201024930
31201021105
31201021073
31201021086
31201022498
31201021036
31201026097
31201020996
31201020969
31201027319
31201020965
31201020959
31201025867
31201020911
31201021475
31201021504
31201024384
31201021386
31201025009
31201027071
31201026538
31201021470
31201024109
31201021458
31201025081
31201021362
31201021003
31201020958
31201025938
31201021404
31201021346
31201023589
31201024814
31201021199
31201021178
31201026462
31201026300
31201026413
31201023977
31201021040
31201021026
31201025666
31201026308
31201026587
31201020940
31201021515
31201026830
31201021379
31201025891
31201026777
31201026620
31201026617
31201023847
31201020487
31201022027
31201021426
31201022940
31201021310
31201027330
31201024361
31201020960
31201024848
31201026979
31201020912
31201023180
31201021498
31201023809
31201021481
31201026509
31201025898
31201025203
31201023507
31201024082
31201024078
31201021412
31201027085
31201021335
31201021319
31201021286
31201021261
31201025060
31201021258
31201023453
31201021247
31201026267
31201022853
31201021197
31201020560
31201022828
31201022823
31201025667
31201021101
31201025116
31201025829
31201024727
31201022471
31201020941
31201020934
31201020931
31201023552
31201023545
31201023608
31201025977
31201021472
31201021369
31201021360
31201021441
31201021430
31201021423
31201023491
31201021387
31201023485
31201021351
31201021331
31201025567
31201027160
31201024037
31201025874
31201024312
31201024946
31201023651
31201022528
31201023046
31201023998
31201021134
31201021141
31201026488
31201021075
31201021065
31201026020
31201021049
31201020279
31201020189
31201020982
31201020994
31201021640
31201020967
31201021249
31201021341
31201021015
31201021659
31201021195
31201021274
31201026770
31201025342
31201021170
31201020952
31201021054
31201020947
31201021445
31201023032
31201022320
31201022998
31201021344
31201021397
31201020935
31201024407
31201021264
31201021133
31201020928
31201021765
31201023289
31201023993
31201021353
31201027331
31201020997
31201020726
31201021794
31201023146
31201021407
31201023179
31201027144
31201022641
31201026663
31201024689
31201022704
31201026166
31201021469
31201021374
31201021439
31201024354
31201022331
31201021339
31201026930
31201022849
31201021210
31201021748
31201021180
31201021127
31201021115
31201023022
31201021077
31201021080
31201021076
31201021070
31201021680
31201021027
31201021013
31201025923
31201025628
31201020970
31201023356
31201022409
31201021500
31201021489
31201021385
31201021455
31201025672
31201025901
31201021396
31201026038
31201027277
31201021316
31201021294
31201021278
31201021268
31201021242
31201021786
31201023444
31201021097
31201024923
31201024916
31201021035
31201022771
31201025224
31201026628
31201023951
31201021627
31201024914
31201022345
31201020971
31201020999
31201021463
31201025210
31201020948
31201021519
31201025197
31201021173
31201021259
31201020979
31201021095
31201022393
31201023161
31201023449
31201021161
31201022221
31201023439
31201021243
31201021122
31201021675
31201021119
31201021130
31201021306
31201022909
31201020963
31201021254
31201021300
31201021459
31201021059
31201021213
31201026172
31201021565
31201026889
31201021525
31201020656
31201021557
31201021541
31201020608
31201021574
31201021577
31201021563
31201021568
31201021578
31201021534
31201021570
31201021542
31201021140
31201021551
31201021548
31201022872
31201020188
31201021566
31201022380
31201022779
31201021553
31201024033
31201023195
31201021517
31201023696
31201022707
31201023806
31201022149
31201026908
31201021464
31201021371
31201024892
31201021422
31201021323
31201021282
31201027308
31201026242
31201023093
31201021252
31201022544
31201026482
31201024314
31201023827
31201026781
31201023742
31201021135
31201026327
31201021072
31201021044
31201026974
31201020989
31201020977
31201020936
31201021270
31201021429
31201025959
31201021509
31201021449
31201020589
31201020932
31201020954
31201023157
31201021359
31201022736
31201024530
31201023374
31201020923
31201021183
31201023190
31201021357
31201021466
31201026114
31201024523
31201024046
31201021253
31201026309
31201021030
31201021041
31201021139
31201020878
31201021436
31201025368
31201025129
31201021163
31201020922
31201020908
31201021380
31201024153
31201025302
31201025673
31201025114
31201027340
31201020980
31201027265
31201026388
31201023023
31201027216
31201020942
31201024812
31201023211
31201022079
31201022052
31201022132
31201021528
31201026923
31201021473
31201023911
31201024135
31201021160
31201021487
31201022923
31201024118
31201026624
31201020968
31201026056
31201021398
31201020920
31201021287
31201021275
31201021260
31201024434
31201024022
31201021208
31201021201
31201021200
31201023422
31201020537
31201024885
31201021079
31201021684
31201023001
31201020229
31201024590
31201025106
31201020951
31201025218
31201024397
31201026602
31201020946
31201020933
31201021518
31201021494
31201021483
31201024981
31201025808
31201021358
31201026492
31201022691
31201021313
31201021552
31201021291
31201022678
31201024051
31201021266
31201026879
31201021233
31201021212
31201024620
31201026615
31201023013
31201020253
31201021006
31201020998
31201027220
31201022989
31201022742
31201023932
31201022963
31201023641
31201023201
31201021000
31201025373
31201021186
31201020966
31201020232
31201024416
31201026643
31201021307
31201021544
31201026980
31201021413
31201021238
31201021008
31201021120
31201023076
31201020208
31201020465
31201021171
31201021482
31201025095
31201021526
31201023633
31201025395
31201021224
31201022687
31201024479
31201020455
31201023958
31201021276
31201023132
31201021889
31201026084
31201021028
31201025418
31201021512
31201023621
31201021056
31201026953
31201021021
31201021392
31201021390
31201022890
31201021297
31201021440
31201022307
31201022874
31201021272
31201021262
31201026591
31201025558
31201023057
31201021176
31201020549
31201021155
31201026722
31201021107
31201025234
31201024752
31201023566
31201021017
31201020956
31201020957
31201020086
31201023536
31201020397
31201023707
31201023713
31201023676
31201023727
31201020143
31201027060
31201025664
31201025997
31201026787
31201026425
31201020117
31201020122
31201020121
31201020114
31201020108
31201020059
31201027306
31201020079
31201020064
31201020061
31201020054
31201020053
31201020052
31201022249
31201020050
31201025948
31201020045
31201020042
31201020039
31201020040
31201020034
31191024551
31201026362
31201020022
31201026220
31201020019
31201024896
31201021605
31201020141
31201020139
31201021100
31201025751
31201020098
31201024853
31201020120
31201022585
31201020123
31201020124
31201022907
31201020112
31201020093
31201025201
31201020085
31201026644
31201026960
31201022289
31201020065
31201020568
31201026851
31201020497
31201020048
31201022655
31201023233
31201020046
31201020038
31201020035
31201020033
31201020028
31201027033
31201020024
31201020015
31201020002
31201020147
31201020144
31201022941
31201020103
31201020129
31201020125
31201020127
31201023787
31201024548
31201020107
31201020097
31201020089
31201020084
31201020081
31201020083
31201024201
31201020072
31201020057
31201020056
31201026807
31201024942
31201020043
31201020047
31201024925
31201023012
31201026398
31201027261
31201020025
31201024732
31201020012
31201020005
31201020007
31201020148
31201026154
31201025762
31201023290
31201020140
31201020137
31201021132
31201021900
31201020105
31201020102
31201024377
31201020130
31201021051
31201020111
31201025402
31201020094
31201020090
31201020731
31201023433
31201020635
31201020051
31201020478
31201020049
31201020444
31201020436
31201025121
31201021696
31191020445
31201020026
31201023218
31201024713
31201023946
31201020011
31201020008
31201020003
31201025214
31201021329
31201024367
31201022408
31201022097
31201023531
31201022323
31201022162
31201020723
31201020298
31201022603
31201023234
31201021265
31201023097
31201021271
31201026405
31201023300
31201022600
31201022793
31201022045
31201020100
31201024170
31201022929
31201020293
31201025973
31201020450
31201022171
31201026594
31201023370
31201022892
31201022739
31201022792
31201022844
31201020322
31201023650
31201022276
31201022692
31201025205
31201020163
31201023236
31201023501
31201022235
31201022560
31201022184
31201021050
31201023964
31201026208
31201020032
31201023420
31201023768
31201022026
31201024463
31201020509
31201021898
31201020728
31201023846
31201026102
31201020847
31201022928
31201021922
31201022930
31201025597
31201027205
31201022864
31201022388
31201022858
31201022857
31201022859
31201024113
31201021043
31201021878
31201025584
31201022904
31201022770
31201022756
31201022753
31201022732
31201023486
31201020795
31201022543
31201022846
31201022518
31201021527
31201022055
31201022429
31201022413
31201022382
31201020354
31201022290
31201022238
31201022188
31201022187
31201026983
31201022100
31201022416
31201023859
31201021164
31201022931
31201022135
31201022682
31201022772
31201022729
31201022646
31201023462
31201022295
31201022538
31201022516
31201022480
31201022478
31201023424
31201023828
31201022448
31202022260
31201023573
31201022253
31201022406
31201022396
31201022654
31201022347
31201020372
31201022274
31201022008
31201023002
31201022189
31201022185
31201023561
31201024588
31201026870
31201020133
31201023837
31201022192
31201023945
31201022048
31201025868
31201022898
31201024696
31201025278
31201022702
31201022150
31201023871
31201022827
31201023788
31201022794
31201025191
31201023600
31201020949
31201020943
31201022639
31201023591
31201021437
31201022599
31201026748
31201023454
31201022435
31201021757
31201023416
31201023246
31201022424
31201022386
31201020378
31201027335
31201022306
31201021377
31201022166
31201027153
31201022117
31201022632
31201023557
31201022066
31201022459
31201022706
31201022713
31201021724
31201025554
31201022819
31201021340
31201021888
31201020611
31201022556
31201022291
31201022868
31201022591
31201022286
31201022256
31201023371
31201021419
31201022653
31201022630
31201020714
31201024455
31201022222
31201022615
31201024574
31201021328
31201021667
31201023679
31201024965
31201022169
31201023080
31201024219
31201024487
31201022157
31201022262
31201022650
31201020768
31201022024
31201023217
31201022261
31201022394
31201025159
31201022934
31201021172
31201022897
31201025993
31201021467
31201022860
31201022837
31201022842
31201022813
31201021038
31201022685
31201022801
31201024088
31201026265
31201022746
31201021840
31201022652
31201021443
31201022589
31201022578
31201024045
31201021781
31201022534
31200122469
31201023062
31201027283
31201023741
31201022381
31201022315
31201022271
31201022242
31201023640
31201022058
31201022186
31201023214
31201022121
31201023948
31201022628
31201023864
31201022574
31201026878
31201022783
31201020458
31201022867
31201022512
31201022006
31201023324
31201022719
31201024030
31201022463
31201022723
31201022643
31201023434
31201022246
31201021016
31201022506
31201022325
31201022734
31201023432
31201022477
31201022228
31201024237
31201022728
31201025978
31201022911
31201023841
31201026164
31201022105
31201020077
31201024018
31201021809
31201023867
31201022474
31201022590
31201023902
31201022312
31201022090
31201022273
31201024003
31201022293
31201021326
31201023779
31201021450
31201022588
31201027094
31201024492
31201023722
31201022572
31201021595
31201026272
31201022439
31201023240
31201023699
31201024625
31201022487
31201022841
31201022258
31201021416
31201023403
31201022245
31201022586
31201022887
31201022460
31201022139
31201024477
31201023274
31201022638
31201022161
31201023511
31201022513
31201021760
31201022657
31201022332
31201022299
31211027541
31211027439
31211027535
31201022061
31201024281
31201024155
31201024255
31201024270
31201024176
31201024324
31201024269
31201024305
31201024185
31201023966
31201024174
31201024318
31201024161
31201025349
31201024294
31201021774
31201024134
31201024215
31201024210
31201024218
31201023232
31201024256
31201024179
31201024370
31201024304
31201024094
31201021775
31201024310
31201023838
31201024173
31201024231
31201022137
31201024165
31201024202
31201024667
31201024239
31201024177
31201024203
31201024302
31201020219
31201024098
31201024286
31201024197
31201024308
31201024159
31201022047
31201024157
31201024680
31201024337
31201024385
31201024272
31201024274
31201024271
31201024101
31201021746
31201024171
31201023255
31201022319
31201024303
31201024243
31201024127
31201024280
31201024162
31201024342
31201024316
31201024148
31201026723
31201021829
31201024252
31201022129
31201023493
31181021104
31201024104
31201024374
31201024359
31201024334
31201023150
31201025263
31201024297
31201024284
31201024110
31201024115
31201023479
31201024160
31201023297
31201024130
31201024241
31201024164
31201021444
31201024151
31201020193
31201024194
31201024290
31201024382
31201023873
31201024329
31201021896
31201024353
31201024189
31201024292
31201024251
31201024330
31201020898
31201024108
31201024214
31201024327
31201024207
31201024234
31201024373
31201022220
31201025677
31201024209
31201023918
31201024383
31201024300
31201024224
31201024216
31201027256
31201024344
31201024341
31201025951
31201024212
31201024112
31201023220
31201024301
31201024326
31201021982
31201022159
31201024362
31201026761
31201024331
31201024306
31201024186
31201024206
31201023947
31201024317
31201024244
31201024296
31201024093
31201021742
31201023514
31201024351
31201024229
31201026302
31201024258
31201024146
31201024141
31201024150
31201027092
31201022142
31201024126
31201024204
31201024339
31201024142
31201024332
31201024338
31201024289
31201024149
31201020529
31201024328
31201024180
31201024366
31201024128
31201024152
31201024199
31201024200
31201021241
31201024211
31201024230
31201024182
31201024307
31201023298
31201024144
31201021733
31201024315
31201024282
31201024100
31201024195
31201024191
31201024121
31201021250
31201024178
31201024106
31201024311
31201024136
31201020260
31201022410
31201024235
31201024193
31201024175
31201024116
31201024309
31201024196
31201024099
31201024369
31201024263
31201024222
31201024346
31201024380
31201024278
31201024277
31201024291
31201024139
31201023358
31201024123
31201020929
31201025172
31201024245
31201024096
31201024095
31201024124
31201024299
31201024137
31201020621
31201022968
31201023774
31201020370
31191023093
31201024909
31201026030
31201021221
31201022621
31201026071
31201023293
31201020518
31201024461
31201023519
31201020514
31201024097
31201023786
31201020564
31201020544
31201020542
31201024541
31201020533
31201024052
31201020437
31201023857
31201020423
31201204320
31201024025
31201020398
31201022530
31201025046
31201020376
31201026088
31201020349
31201022426
31201020336
31201022237
31201020375
31201020306
31201020304
31201020302
31201020290
31201024490
31201024257
31201020174
31201020196
31201026791
31201026549
31201020649
31201020647
31201020634
31201020603
31201020579
31201024464
31201021852
31201020553
31201025756
31201020500
31201020494
31201020449
31201020431
31201020430
31201020721
31201021537
31201020426
31201026684
31201023425
31201020389
31201023244
31201024782
31201020337
31201020403
31201025681
31201022023
31201022018
31201020299
31201020297
31201026614
31201024605
31201026661
31201025227
31201020243
31201022213
31201020248
31201022420
31201021991
31201020194
31201026226
31201020177
31201020172
31201020627
31201201078
31201020506
31201020981
31201020561
31201020540
31201023778
31201020797
31201020468
31201020448
31201201795
31201020428
31201020418
31201020414
31201020406
31201025053
31201020601
31201023319
31201020368
31201020366
31201020362
31201020346
31201024772
31201025038
31201021402
31201020328
31201023982
31201020300
31201020282
31201021997
31201020257
31201021363
31201020246
31201020218
31201025166
31201020115
31201025815
31201021957
31201020037
31201020164
31201023928
31201020156
31191025229
31201020645
31201020636
31201026700
31201020520
31201020559
31201020555
31201020548
31201024068
31201020527
31201020503
31201020493
31191023864
31201020484
31201020481
31201026359
31201020462
31201020446
31201026374
31201020409
31201020405
31191025420
31181024296
31201020359
31201022038
31201020334
31201020323
31201020301
31201020277
31201020274
31201025768
31201026070
31201020233
31201020231
31201020216
31201020184
31181023126
31201026128
31201026654
31201025918
31201020517
31201023527
31201020602
31201023686
31201020580
31201025835
31201020575
31201024103
31201020987
31201020974
31201020550
31201025820
31201026517
31201024048
31201025912
31201026150
31201020434
31201020427
31201020422
31201023903
31201020415
31201025946
31201022840
31201022428
31201020382
31201023410
31201020367
31201020364
31201020344
31201022799
31201020316
31201027320
31201022494
31201020225
31201020221
31201020214
31201020191
31201022741
31201022462
31201021932
31201025170
31201020620
31201020605
31201026041
31201025965
31201022349
31201020556
31201020541
31201025914
31201020486
31201023910
31201026075
31201024323
31201023253
31201022269
31201020383
31201020338
31201023992
31201020321
31201020312
31201025034
31201020285
31201020284
31201020280
31201020278
31201022781
31201023976
31201020261
31201027250
31201020228
31201020217
31201020209
31201025456
31201020201
31201021624
31201026227
31201020160
31201020010
31201020651
31201020630
31201026115
31201024855
31201027282
31201030558
31201020543
31201027230
31201025620
31201024443
31201020771
31201020447
31201023861
31201026736
31201026946
31201020420
31201020399
31201020395
31201025049
31201020392
31201023060
31201020371
31201026476
31201020356
31201023040
31201022521
31201024931
31201020329
31201023014
31201020289
31201020288
31201020296
31201020226
31201020224
31201021347
31201023350
31201024242
31201020162
31201022961
31201023819
31201024699
31201020639
31201020624
31201020616
31201021904
31201026646
31201020597
31201020594
31201024363
31201020576
31201027192
31201022354
31201021012
31201020539
31201023126
31201024540
31201024343
31201020499
31201020482
31201022317
31201026440
31201020451
31201023446
31201022838
31201020396
31201020394
31201020387
31201020330
31201020313
31201024285
31201020265
31201020251
31201021244
31201026480
31201022484
31201020168
31201020210
31201020203
31201023202
31201021322
31201021920
31201020648
31201020640
31201021912
31201025840
31201025787
31201024122
31201020572
31201020508
31201020505
31201025726
31201020546
31201025392
31201020485
31201023114
31201027146
31201020445
31201020443
31201023658
31201022060
31201020588
31201025943
31201022525
31201020369
31201025351
31201026553
31201023404
31201023737
31201023826
31201023980
31201020283
31201023010
31201023723
31201020240
31201025621
31201023935
31201021136
31201024467
31201022608
31201026483
31201020590
31201021031
31201020565
31201025746
31201026936
31201022301
3201025565
31201022078
31201025785
31201020421
31201024026
31201023426
31201020386
31201020385
31201021410
31201022830
31201024944
31201020490
31201020350
31201022236
31201020281
31201020272
31201020292
31201021679
31201020256
31201020159
31201024253
31201020220
31201022748
31201020198
31201020197
31201020071
31201020175
31201021234
31201023929
31201020653
31201023549
31201023880
31201022616
31201020612
31201020525
31201024129
31201020521
31201020596
31201023523
31201023804
31201020512
31201024975
31201025409
31201025164
31201020547
31201023677
31201020491
31201024658
31201020476
31201020469
31201021790
31201026800
31201024032
31201026205
31201020411
31201020402
31201020384
31201020347
31201021403
31201023029
31201020318
31201020310
31201024922
31201023844
31201020264
31201024261
31201025924
31201020185
31201021963
31201027154
31201026758
31201021629
31201026486
31201026884
31201027041
31201027139
31201025843
31201021614
31201025691
31201026073
31201027009
31201021611
31201026734
31201025661
31201020585
31201026811
31201021601
31201026912
31201022427
31201021591
31201022002
31201025657
31201021588
31201024718
31201026431
31201021587
31201020109
31201025727
31201026044
31201023547
31201026291
31201025461
31201025618
31201026928
31201026558
31201026377
31201025669
31201027097
31201026245
31201026877
31201026752
31201025730
31201023562
31201026445
31201026312
31201024811
31201027272
31201026497
31201021424
31201026188
31201025660
31201026692
31201026490
31201025955
31191020147
31201026258
31201025706
31201026449
31201027274
31201021589
31201025721
31201020173
31201024484
31201020068
31201026656
31201026203
31201021581
31201023344
31201026515
31201025718
31201026900
31201025960
31201024670
31201027086
31201024360
31201021950
31201021630
31201026660
31201021596
31201026022
31201021618
31201024058
31201022303
31201026840
31201027194
31201026243
31201021944
31201026913
31201022542
31201022673
31201026107
31201020625
31201027353
31201026652
31201025138
31201027104
31201026053
31201023618
31201027100
31201024755
31201021597
31201023565
31201023564
31201026561
31201024729
31201021643
31201024907
31201021584
31201026223
31201025108
31201025307
31201024468
31201021895
31201021634
31201023160
31201025759
31201021622
31201021632
31201026649
31201026751
31201021158
31201024835
31201027234
31201020839
31201026568
31201022095
31201022563
31201025143
31201021602
31201025811
31201026670
31201022160
31201022520
31201025339
31201023730
31201023392
31201024706
31201021593
31201027343
31201024735
31201025324
31201023355
31201026693
31201026746
31201023354
31201024721
31201022197
31201026152













31201027080
31201020927
31201025655
31201024225
31201024551
31201024550
31201026443
31201026194
31201026048
31201022681
31201024549
31201020793
31201020776
31201027048
31201020964
31201026423
31201025654
31201027053
31201024547
31201020551
31201024544
31201024545
31201024542
31201024539
31201021693
31201024220
31201024538
31201024537
31201026910
31201024262
31201027359
31201021983
31201025541
31201020206
31201026616
31201027112
31201024837
31201023207
31201026918
31201024534
31201024533
31201027099
31201026831
31201021799
31201021793
31201027178
31201025665
31201026638
31201021779
31201026133
31191026548
31181022649
31201022445
31201021773
31201025075
31201026806
31201021745
31201021741
31201024055
31201020180
31201025571
31201025972
31201027344
31201021721
31201021720
31201027027
31201025995
31201023896
31201022514
31201027266
31201022093
31201026248
31201026666
31201022493
31201022492
31201026024
31201025656
31201021678
31201021661
31201021652
31201027312
31201026824
31201026859
31201021594
31201026017
31201025931
31201023802
31201026502
31201026987
31201021752
31201022102
31201022571
31201026337
31201026982
31201027339
31201021370
31201021738
31201021549
31201026275
31201025663
31201026219
31201024021
31201026881
31201025503
31201023752
31201022663
31201027355
31201025698
31201026320
31201023408
31201026292
31201026856
31201026641
31201025957
31201023088
31201026498
31201025700
31201027135
31201025857
31201021650
31201026214
31201027337
31201026379
31201023288
31201026857
31201026389
31201026139
31201021766
31201024666
31201025845
31201021763
31201023598
31201025391
31201023832
31201022569
31201025872
31201024319
31201025975
31201020824
31201026284
31201024042
31201026326
31201026426
31201025050
31201027350
31201024298
31201021705
31201026698
31201025125
31201027347
31201024275
31201022496
31201021700
31201025113
31201021689
31201024264
31201025630
31201025769
31201026651
31201021343
31201021644
31201026277
31201024559
31201026008
31201023795
31201025854
31201024083
31201026015
31201023482
31201027184
31201021984
31201027356
31201021747
31201026373
31201026520
31201026540
31201025568
31201021736
31201025708
31201021730
31201027145
31201025984
31201026958
31201027118
31201022662
31201021718
31201024198
31201021716
31201026012
31201021712
31201026658
31201021706
31201023050
31201020416
31201021688
31201021690
31201025325
31201021687
31201023953
31201026289
31201026409
31201027231
31201025925
31201021711
31201022932
31201026350
31201027348
31201026996
31201026989
31201024355
31201027137
31201025707
31201026866
31201024886
31201020483
31201025385
31201027187
31201027042
31201027345
31201026356
31201024322
31201021722
31201027199
31201026536
31201021719
31201020355
31201026742
31201021713
31201026334
31201021686
31201026833
31201026201
31201025033
31201020357
31201026293
31201025693
31201024756
31201022476
31201021651
31201026047
31201026875
31201026169
31201026667
31201026703
31201021776
31201021754
31201027342
31201025548
31201023280
31201024086
31201024982
31201022400
31201023125
31201020919
31201026861
31201020808
31201027031
31201026942
31201020365
31201027062
31201021725
31201021726
31201026173
31201025988
31201026683
31201025041
31201022507
31201026149
31201024267
31201025120
31201025834
31201021681
31201025017
31201025679
31201025101
31201024585
31201027349
31201025099
31201020104
31201022726
31201020327
31201021979
31201021610
31201021637
31201027119
31201021636
31201027357
31201024365
31201025424
31201024850
31201021759
31201026792
31201025908
31201027049
31201026872
31201023275
31201025794
31201021734
31201021731
31201026984
31201021783
31201025140
31201024786
31201024259
31201021704
31201026358
31201024780
31201025122
31201025000
31201020332
31201025870
31201020249
31201023970
31201022633
31201025306
31201021670
31201021668
31201026522
31201021660
31201026988
31201021656
31201021647
31201025921
31201021639
31201020031
31201020092
31201021996
31201021913
31201021977
31201024469
31201026321
31201023145
31201021452
31201021954
31201026082
31201026924
31201024701
21201026163
31201023091
31201026580
31201026355
31201023256
31201020629
31201026647
31201025877
31201020536
31201026146
31201026467
31201025344
31021025742
31201021859
31201023315
31201026477
31201026473
31191023300
31201020269
31201025869
31201020070
31201022172
31201021619
31201021989
31201024875
31201023693
31201021972
31201021961
31201022371
31201024368
31201021023
31201027028
31201024133
31201021947
31201021942
31201020792
31201020743
31201023084
31201022674
31201024647
31201021428
31201021919
31201025847
31201021142
31201022035
31201020435
31201024760
31201021844
31201025745
31201024408
31201021839
31201022983
31201020205
31201021826
31201025157
31201024715
31201027197
31201026009
31201021192
31201021988
31201021981
31201024868
31201021974
31201020599
31201021959
31201021948
31201024364
31201021935
31201021933
31201021547
31201021288
31201020745
31201025002
31201021214
31201021901
31201023753
31201021926
31201025802
31201021891
31201020526
31201025167
31201021848
31201022225
31201024495
31201021828
31201021986
31201021354
31201021811
31201025404
31201025173
31201021801
31201021802
31201021990
31201021995
31201024697
31201021471
31201026496
31201021969
31201022594
31201024842
31201026855
31201022584
31201026843
31201023127
31201021946
31201027328
31201021918
31201027293
31201021915
31201024167
31201021756
31201021906
31201023436
31201024163
31201021899
31201022833
31201021892
31201026192
31201021887
31201025659
31201025658
31201026860
31201020531
31201026664
31201023898
31201027172
31201027324
31201021851
31201021846
31201023890
31201020294
31201021842
31201025519
31201026091
31201021812
31201023347
31201021803
31201026835
31201023542
31201026909
31201026640
31201021124
31201026868
31201023775
31201024371
31201021970
31201021968
31201021943
31201024347
31201024823
31201021936
31201026725
31201021336
31201021545
31201024333
31201024529
31201021917
31201021914
31201021909
31201021905
31201025821
31201021771
31201027284
31201021884
31201021737
31201025372
31201025705
31201021880
31201021881
31201021875
31201025347
31201021399
31201026040
31201024283
31201021845
31201024498
31201021364
31201024321
31201021837
31201021832
31201021831
31201021623
31201021800
31201021225
31201021978
31201021975
31201021971
31201021965
31201024796
31201021964
31201021967
31201022372
31201023688
31201027326
31201021960
31201022356
31201025415
31201026232
31201021940
31201024632
31201020820
31201020750
31201021431
31201021916
31201024439
31201026410
31201025182
31201022059
31201021411
31201026023
31201025139
31201021869
31201021866
31201020380
31201023987
31201021860
31201021857
31201023839
31201021994
31201021841
31201024184
31201025356
31201021835
31201021833
31201024402
31201021819
31201021237
31201021804
31201022183
31201025444
31201026825
31201021973
31201023411
31201022370
31201022134
31201024358
31201021958
31201021953
31201021949
31201026280
31201021446
31201023269
31201021938
31201024513
31201021937
31201027035
31201021924
31201021902
31201023755
31201021897
31201021886
31201021885
31201021883
31201021868
31201024764
31201021862
31201021861
31201021856
31201021853
31201024503
31201020315
31201025225
31201025323
31201021843
31201023216
31201024279
31201021834
31201021817
31201021818
31201021813
31201021807
31201022724
31201020060
31201026671
31201027040
31201025816
31201026249
31201025825
31201021788
31181024291
31201021755
31201025865
31201026151
31201021052
31201021753
31201027022
31201025712
31201020295
31201021001
31201027238
31201027203
31201025736
31201021740
31201021735
31201026437
31201020609
31201021421
31201026567
31201024266
31201026632
31201026721
31201027127
31201025968
31201020340
31201026890
31201026542
31201026501
31201021682
31201026931
31201025110
31201026814
31201026348
31201021188
31201021211
31201026072
31201021784
31201021114
31201026018
31201027182
31201022123
31201024260
31201025617
31201021762
31201025935
31201026821
31201026003
31201026730
31201025517
31201025961
31201027181
31201021425
31201026162
31201025761
31201020604
31201023061
31201023572
31201026421
31201026158
31201022798
31201026153
31201023990
31201025119
31201021672
31201026076
31201026597
31201027263
31201024730
31201020212
31201026841
31201025900
31201026387
31201021207
31201021796
31201026235
31201021162
31201022151
31201026869
31201021777
31201023606
31201024556
31201020807
31201024053
31201027054
31201024325
31201026545
31201026764
31201026121
31201020610
31201026394
31201026514
31201025991
31201022254
31201020377
31201023643
31201026124
31201026273
31201026593
31201020419
31201024710
31201021702
31201020342
31201021694
31201025622
31201021674
31201026935
31201024728
31201021655
31201026796
31201024991
31201025452
31201023341
31201026199
31201022411
31201021778
31201024232
31201025982
31201021772
31201027307
31201025824
31201027114
31201021193
31201021758
31201026433
31201021743
31201024817
31201027334
31201023762
31201026099
31201021290
31201021284
31201023585
31201024693
31201023259
31201026696
31201024641
31201024516
31201024007
31201026361
31201023407
31201026126
31201021708
31201026297
31201021057
31201025804
31201026956
31201026676
31201023714
31201024249
32101025301
31201021635
31201026588
31201026016
31201022944
31201024668
31201022389
31201023801
31201025007
31201021768
31201021770
31201025676
31201023784
31201024970
31201023272
31201020859
31201025776
31201024060
31201022089
31201021729
31201021728
31201022539
31201023659
31201026773
31201023249
31201025486
31201022244
31201025063
31201024287
31201022791
31201021701
31201022019
31201027061
31201021676
31201020241
31201021663
31201025308
31201024246
31201025240
31201021638
31201025091
31201023814
31201021151
31201021147
31201021157
31191024193
31201021020
31201020983
31201020978
31201027082
31201023328
31201024844
31201020836
31201020786
31201020770
31201026653
31201026955
31201022075
31201025777
31201026042
31201023791
31201027186
31201026749
31201023325
31201025892
31201024168
31201021620
31201027346
31201027012
31191020770
31201026468
31201023858
31201026563
31201020663
31201020652
31201025805
31201025699
31201026318
31201026186
31201020317
31201023895
31201025933
31201020391
31201020345
31201020373
31201027017
31201025932
31201022490
31201026365
31201026626
31201020587
31201026786
31201025724
31201027243
31201021582
31201027302
31201020055
31201021956
31201027044
31201023835
31201026442
31201022067
31201027168
31201021187
31201025601
31201021320
31201021137
31201021090
31201021083
31201026269
31201023921
31201023874
31201027030
31201021037
31201022130
31201021002
31201026523
31201020902
31201025783
31201026086
31201027084
31201020763
31201023905
31201026266
31201021420
31201025734
31201020563
31201020562
31201023054
31201020475
31201026718
31201027310
31201026507
31201026645
31201027232
31201020361
31201022003
31201022501
31201021592
31201026283
31201026858
31201020021
31201023296
31201026612
31201027315
31201026256
31201023282
31201027013
31201021631
31201025154
31201026298
31201020937
31201022329
31201027088
31201020825
31201023265
31201027055
31201022876
31201026503
31201020699
31201026530
31201020600
31201021604
31201020860
31201026691
31201020524
31201020459
31201027174
31201024240
31201022243
31201026629
31201021516
31201024288
31201021600
31201024187
31201020150
31201022208
31201020207
31201026765
31201020181
31201020096
31201020069
31201022622
31201027309
31201026181
31201021625
31201025634
31201021621
31201027305
31201026917
31201023378
31201020250
31201021462
31201021308
31201022009
31201026444
31201025598
31201021607
31201022084
31201024571
31201027150
31201020577
31201026392
31201020204
31201020244
31201020275
31201024059
31201020889
31201025690
31201020535
31201027032
31201020167
31201020254
31201026675
31201020429
31201020237
31201020388
31201020516
31201020309
31201022218
31201020470
31201020401
31201020252
31201020631
31201020511
31201022251
31201020343
31201022304
31201023191
31201020522
31201024673
31201026089
31201025423
31201022817
31201020545
31201021666
31201020523
31201024535
31201020892
31201022920
31201020258
31201020552
31201020574
31201023697
31201020488
31201027291
31201020578
31201021204
31201020637
31201020464
31201021870
31201022116
31201022865
31201022223
31201025604
31201022508
31201027352
31201023166
31201023682
31201026813
31201022334
31201024020
31201020538
31201020262
31201021825
31201021749
31201020339
31201025345
31201020528
31201021664
31201020473
31201021910
31201026461
31201023285
31201023286
31201020200
31201020155
31201020581
31201020615
31201022694
31201020644
31201020358
31201021189
31201020480
31201020360
31201020617
31201023913
31201024839
31201020404
31201021824
31201020988
31201020557
31201020333
31201025934
31201020276
31201020149
31201024043
31201020477
31201020441
31201022352
31201020595
31201020320
31201021692
31201023389
31201025185
31201022659
31201025513
31201022227
31201020179
31201021767
31201022676
31201020962
31201021561
31201023448
31201020638
31201023385
31201020245
31201023103
31201023548
31201024169
31201023498
31201023317
31201023141
31201023518
31201020850
31201023470
31201021703
31201021372
31201023139
31201023495
31201022404
31201020984
31201023576
31201023476
31201025168
31201021750
31201020270
31201023603
31201020758
31201020582
31201022053
31201020110
31201021955
31201021911
31201025432
31201021048
31201023583
31201021847
31201023487
31201024954
31201023758
31201020496
31201025550
31201026193
31201023260
31201023248
31201023225
31201022631
31201021236
31201020066
31201023484
31201023595
31201022351
31201020904
31201024348
31201025580
31201023520
31201023500
31201025150
31201021433
31201021780
31201023079
31201023364
31201023337
31201020157
31201021280
31201020410
31201023197
31201023212
31201021198
31201021893
31201021309
31201021009
31201023509
31201021400
31201021671
31201023209
31201023194
31201023639
31201023634
31201027191
31201021022
31201023522
31201023395
31201021699
31201023238
31201023208
31201026381
31201023116
31201021327
31201021925
31201021871
31201023570
31201020799
31201022081
31201020598
31201020532
31201023338
31201021382
31201023142
31201020036
31201023170
31201023607
31201023584
31201025710
31201025401
31201023081
31201020571
31201027142
31201023247
31201023617
31201023363
31201023326
31201024586
31201022182
31201023619
31201021174
31201026740
31201021168
31201023593
31201022339
31201023558
31201021298
31201020806
31201020782
31201021792
31201022862
31201022088
31201023421
31201020674
31201020592
31201020453
31201023235
31201020303
31201021987
31201023123
31201022467
31201022414
31201023538
31201023544
31201021586
31201023604
31201020855
31201023460
31201020479
31201020442
31201022025
31201023242
31201023724
31201023169
31201022165
31201021149
31201022613
31201021583
31201024453
31201024227
31201023481
31201023450
31201023335
31201023237
31201020235
31201021992
31201020227
31201023569
31201020700
31201026750
31201023388
31201023978
31201022769
31201022718
31201021181
31201026454
31201023652
31201026690
31201023623
31201022366
31201026767
31201024223
31201026554
31201020887
31201023471
31201022438
31201023451
31201023445
31201020661
31201027141
31201022825
31201020507
31201020504
31201020460
31201020432
31201023843
31201024158
31201022786
31201020326
31201026215
31201020268
31201025023
31201021348
31201026231
31201023106
31201023096
31201026375
31201023345
31201021939
31201025723
31201021228
31201021219
31201025078
31201023615
31201020835
31201025062
31201021805
31201020761
31201020751
31201022072
31201021532
31201022431
31201022835
31201025353
31201022250
31201023312
31201020390
31201025287
31201023974
31201024265
31201023181
31201023941
31201026789
31201024478
31201021598
31201023541
31201023539
31201023130
31201023128
31201020853
31201023478
31201023263
31201020748
31201023418
31201023323
31201026077
31201023224
31201023003
31201023167
31201020165
31201021334
31201023090
31201020004
31201025602
31201021928
31201024471
31201025083
31201026704
31201025006
31201023506
31201023466
31201026999
31201023261
31201020675
31201023396
31201023375
31201023362
31201020519
31201023048
31201026404
31201021695
31201023277
31201022000
31201023241
31201023185
31201020234
31201023162
31201021654
31201023137
31201023115
31201020018
31201020017
31201025280
31201024566
31201023632
31201020247
31201023168
31201021603
31201023647
31201021138
31201023611
31201023624
31201021854
31201023563
31201023504
31201023499
31201020838
31201023463
31201020739
31201020628
31201023287
31201022483
31201023120
31201024077
31201023524
31201023270
31201022562
31201023475
31201024958
31201020554
31201020513
31201020492
31201023996
31201021514
31201023291
31201023004
31201023205
31201024401
31201025011
31201023109
31201021951
31201023931
31201023610
31201023153
31201023590
31201023908
31201023413
31201020614
31201024618
31201020433
31201023314
31201025226
31201023196
31201025026
31201022991
31201025455
31201021628
31201022625
31201025303
31201026402
31201023626
31201023528
31201021855
31201026848
31201023578
31201023512
31201023494
31201021815
31201023488
31201026600
31201023458
31201023431
31201023428
31201023398
31201023360
31201026535
31201023320
31201026940
31201026757
31201023226
31201023175
31201023155
31201023154
31201023147
31201023669
31201023820
31201021222
31201022954
31201023655
31201023513
31201023620
31201020913
31201026584
31201023505
31201023459
31201022559
31201023447
31201023751
31201023340
31201023329
31201022030
31201023303
31201023310
31201023384
31201026147
31201023189
31201023186
31201023148
31201023172
31201023133
31201023122
31201023101
31201021223
31201025849
31201023638
31201022939
31201026637
31201023614
31201023582
31201021454
31201023592
31201023490
31201023457
31201024044
31201023441
31201023409
31201023399
31201023372
31201023327
31201023276
31201023299
31201023377
31201021503
31201025919
31201025987
31201020076
31201023666
31201023665
31201023877
31201021318
31201021129
31201021585
31201023629
31201023630
31201026160
31201026239
31201023588
31201022119
31201023559
31201023554
31201022321
31201026296
31201022313
31201021798
31201023455
31201023437
31201025144
31201023402
31201023405
31201022266
31201023334
31201023264
31201024419
31201023231
31201023223
31201023182
31201026822
31201023134
31201020073
31201022725
31201023339
31201021608
31201023702
31201023645
31201023654
31201025586
31201023534
31201023497
31201027089
31201023477
31201021432
31201021797
31201024643
31201022076
31201022056
31201025896
31201023367
31201022046
31201026687
31201023313
31201023271
31201022780
31201026323
31201025206
31201023135
31201023110
31201024470
31201025436
31201021311
31201023613
31201025582
31201022350
31201026499
31201023094
31201021427
31201025704
31201020671
31201023429
31201023393
31201020584
31201020586
31201023379
31201023365
31201020463
31201023321
31201020454
31201023302
31201021383
31201021698
31201020374
31201020348
31201023292
31201026896
31201023975
31201024254
31201023366
31201023164
31201023171
31201023361
31201020169
31201020041
31201022176
31201023622
31201021196
31201021215
31201021167
31201023605
31201023609
31201023537
31201023586
31201023279
31201023568
31201026171
31201024955
31201023082
31201023414
31201027159
31201021388
31201020319
31201023206
31201023222
31201021366
31201022757
31201024181
31201020152
31201022977
31201020088
31201020087
31201021338
31201021930
31201023646
31201022402
31201023332
31201021099
31201023602
31201023516
31201023503
31201023268
31201023480
31201021810
31201023465
31201026418
31201020788
31201023419
31201023440
31201021285
31201025055
31201020643
31201020642
31201020591
31201023346
31201022257
31201023316
31201020472
31201024938
31201022015
31201024276
31201023972
31201024156
31201021361
31201021616
31201023087
31201021231
31201021934
31201021874
31201021876
31201022581
31201026852
31201022885
31201026294
31201023461
31201021789
31201023443
31201022675
31201023442
31201022270
31201022834
31201024518
31201023348
31201023840
31201023198
31201021993
31201020186
31201022751
31201020116
31201021342
31201025304
31201023631
31201024120
31201022705
31201024102
31201023574
31201023525
31201020623
31201023394
31201023373
31201021707
31201023390
31201022648
31201024497
31201023188
31201021665
31201021355
31201020128
31201026004
31201021929
31201026120
31201023649
31201021088
31201024685
31201021873
31201023571
31201023555
31201023567
31201021820
31201026346
31201027341
31201020756
31201023452
31201020719
31201022284
31201022667
31201024002
31201023301
31201023227
31201023306
31201022224
31201022775
31201021246
31201022995
31201020132
31201023131
31201023821
31201021146
31201024372
31201024111
31201023535
31201024675
31201023597
31201023496
31201024450
31201020886
31201023521
31201023489
31201022554
31201020682
31201020641
31201023383
31201023342
31201022805
31201021714
31201024192
31201023204
31201023376
31201020222
31201021497
31201021649
31201022754
31201020146
31201023140
31201020082
31201023100
31201023113
31201027332
31201023653
31201021074
31201024971
31201022353
31201024546
31201023577
31201021816
31201023668
31201023423
31201023331
31201023305
31201022231
31201022211
31201023163
31201021658
31201025019
31201023105
31201022623
31201021921
31201025300
31201023664
31201023529
31201021112
31201022368
31201021872
31201023601
31201021865
31201021858
31201021302
31201023596
31201023587
31201023580
31201023575
31201021295
31201020762
31201023427
31201023250
31201023386
31201020456
31201020471
31201023284
31201021691
31201023200
31201021669
31201020223
31201021642
31201022194
31201026006
31201025213
31201021617
31201023111
31201020013
31201023560
31201023627
31201023318
31201023144
31201023899
31201020078
31201022818
31201022042
31201023983
31201023412
31201023092
31201025653
31201024034
31201022358
31201021349
31201023159
31201023636
31201023628
31201021126
31201023221
31201023258
31201020236
31201023369
31201021683
31201020161
31201023330
31201023099
31201028797
31201028996
31201029136
31201028771
31201028760
31201028915
31201029155
31201029184
31201028752
31201028960
B1112016450
B1112015158
31201028639
31201028794
31201028887
31201029110
31201029063
31201028784
31201028702
31201029115
31201028804
31201028794
31201028720
31201028848
31201029173
31201028603
31201029056
B1242013059
31201029217
31201029174
31201029164
31201029162
31201029148
31201029005
31201028964
31201028943
31201028722
31201028713
31201028672
31211028193
31211028196
31211028029
31211028083
31211028407
31211028298
31211028278
31211027114
31211028242
31211028340
31211028259
31211028229
31211028356
31211020354
31201023129
31201023662
31201024639
31201024580
31201024679
31201025433
31201024704
31201024592
31201024602
31201024081
31201024008
31201024001
31201023999
31201024073
31201024067
31201023997
31201026330
31201023979
31201023965
31201020800
31201024041
31201023955
31201025057
31201023944
31201023940
31201023936
31201023926
31201023919
31201023906
31201025360
31201023886
31191024709
31201023865
31201023875
31201023868
31201023856
31201023850
31201023831
31201020176
31201023807
31191025528
31201023796
31201023783
31201024087
31201024085
31201024076
31201024057
31201024038
31201022360
31201024029
31201024024
31201024028
31201024015
31201024010
31201020896
31201023991
31201023981
31201021814
31201023961
31201023962
31201023938
31201026904
31201020659
31201023071
31201023900
31201023887
31201023885
31201022806
31201023882
31201027338
31201021697
31201023849
31201023811
31201022982
31201025016
31201023813
31201023805
31201026339
31201023793
31201025791
31201022958
31201024080
31201024075
31201024005
31201026058
31201024049
31201021867
31201024031
31201024019
31201023492
31201027196
31201023994
31201023121
31201023119
31201023957
31201023954
31201024805
31201024013
31201023889
31201021408
31201023884
31201023878
31201023872
31201023869
31201023863
31201025335
31201023842
31201020308
31201023833
31201023309
31201023823
31201027227
31201023949
31201023808
31201023803
31201023800
31201024722
31201024582
31201023612
31201024004
31201024072
31201024039
31201021069
31201023995
31201023914
31201022903
31201024089
31201020890
31201024825
31201023984
31201023971
31201023968
31201023969
31201023960
31201023959
31201023083
31201023934
31201024431
31201023924
31201023917
31201020606
31201023897
31201023893
31201023883
31201023879
31201024293
31201023870
31201020400
31201023860
31201023818
31201025195
31201023304
31201023792
31201023785
31201023782
31201024092
31201024090
31201024091
31201024070
31201024069
31201024065
31201024064
31201024027
31201020990
31201023599
31201024014
31201024012
31201021838
31201023985
31201020849
31201023112
31201023963
31201024531
31201023933
31201022665
31201022661
31201023916
31201023894
31201026031
31201023891
31201025291
31201021709
31201023852
31201023845
31201020266
31201023956
31201022200
31201023797
31201023799
31201023798
31201020067
31201023789
31201025451
31201021927
31201022952
31201024079
31201024006
31201022158
31201023165
31201024061
31201024056
31201024036
31201024035
31201024016
31201024017
31201024011
31201022688
31201020798
31201027316
31201023942
31201023930
31201023656
31201023909
31201021751
31201023904
31201022808
31201023866
31201023876
31201023855
31201023862
31201023853
31201023848
31201023834
31201023836
31201023830
31201023829
31201023810
31201024248
31201023937
31201021612
31201024452
31201023174
31201024436
31201024437
31201024451
31201024376
31201024449
31201024448
31201024447
31201024432
31201024430
31201024445
31201024441
31201024440
31201024438
31201024429
31201024428
31201024427
31201020832
31201024426
31201024425
31201024424
31201024422
31201024421
31201024420
31201024418
31201024417
31201024415
31201024414
31201024413
31201024409
31201024406
31201024412
31201024411
31201024410
31201024404
31201022647
31201024400
31201024396
31201024395
31201024394
31201024393
31201024391
31201024389
31201024388
31201024387
31201024386
31201024532
32101024528
31201024515
31201022153
31201024512
31201024511
31201024526
31201026092
31201024233
31201014525
31201021062
31201024522
31201024519
31201020910
31201024509
31201024508
31201024507
31201024433
31201024505
31201024506
31201024504
31201024502
31201024500
31201024493
31201024491
31201024496
31201024494
31201024486
31201024485
31201024483
31201024476
31201024475
31201024466
31201024472
31201023888
31201020239
31201024465
31201024462
31201024460
31201020187
31201020182
31201024459
31201024456
31201024457
31201021206
31201020992
31201021046
31201023817
31201023035
31201024435
31201020882
31201022636
31201023483
31201021393
31201023515
31201023467
31201023635
31201023704
31201023694
31201023728
31201023780
31201023706
31201023757
31201023740
31201023687
31201023734
31201023709
31201023719